3.86868
4.05526
3.71692
2.99094
4.81386
1.01148
3.81363
4.11921
3.41274
1.87324
2.79414
0.635818
2.84164
4.48859
4.64936
4.30993
0.732428
4.47132
3.05135
0.293951
3.12343
2.43188
3.16653
4.97567
3.70789
3.55438
4.25453
2.80992
3.51908
3.97827
0.833424
2.07526
1.15012
3.01851
4.10436
1.17601
3.542
0.351164
4.44972
3.14907
0.0787507
1.81135
3.79498
1.86698
1.69242
2.04741
0.580521
1.3331
1.94048
2.66072
0.174896
0.809078
0.693867
2.26338
3.70804
2.93088
1.43397
2.62265
3.92573
3.40062
2.98314
2.65656
0.821783
4.88414
1.99898
4.01616
4.41646
2.62657
0.595306
3.81718
0.525474
4.65938
2.86256
2.34775
1.2961
3.02879
0.8334
0.229589
2.18931
0.507869
3.02975
3.60571
3.34317
1.80082
0.869073
4.56145
0.403024
0.684978
2.81821
1.42976
1.08151
4.67594
2.21144
4.01196
4.94084
1.66281
2.08963
2.94668
3.99468
2.8911
1.08962
2.78679
4.4502
2.42169
0.597837
1.04959
0.147675
3.77266
2.1607
4.49606
0.695641
3.82842
3.32999
3.83558
4.82964
0.463635
2.6997
2.20827
0.986419
3.53244
1.88578
4.81701
0.30395
3.51046
0.598605
2.19227
1.25354
1.79373
0.261172
1.55285
3.02545
0.705992
1.39554
3.79135
1.68148
0.863747
3.49066
3.12639
1.79668
4.59106
1.78715
1.00516
4.88424
4.39714
2.97355
0.535519
2.21254
1.16381
1.51341
0.543137
1.65825
0.0740336
0.251722
1.49514
0.328909
1.09269
0.489964
0.82968
3.18374
1.75598
4.72359
4.93189
0.178074
1.86228
2.40355
3.88509
4.45184
3.46453
3.23009
4.8868
0.629408
1.48641
1.69967
2.58715
2.92506
0.155816
4.77949
3.96983
4.13896
0.135266
0.00521066
3.52137
4.0599
4.44222
0.241528
1.19863
0.468534
2.94427
0.368018
2.11357
0.353655
3.46868
2.19059
0.788138
3.59789
1.23016
1.4319
1.35581
3.2828
3.16276
4.42005
0.76072
0.239185
1.88815
0.469588
3.98971
4.02493
2.84018
1.03404
4.77878
4.36277
4.64524
3.62742
0.683602
0.28504
2.08174
2.56842
2.76742
4.43701
0.543578
0.543125
3.36417
0.751275
4.24214
0.229527
4.39084
4.91224
4.63759
3.50758
4.68346
0.765309
1.63907
2.3031
3.4717
2.38557
2.08055
1.11496
0.30404
4.23089
2.99617
4.92262
2.24494
3.64454
4.93789
0.703481
2.48876
3.88861
2.36786
3.83738
0.0549521
2.66747
0.815153
1.3254
2.20771
4.30339
2.96647
3.67699
2.4406
1.67125
0.940973
0.457803
2.53869
1.62414
3.30948
4.72301
1.70479
3.0583
1.79892
0.146025
3.81964
3.10903
0.347909
0.579083
0.782756
0.537587
4.04823
0.288699
0.325009
3.02444
3.31631
3.30984
0.814559
2.18913
3.83467
1.38316
0.175493
4.81973
2.81855
4.55623
4.17185
1.59825
1.05527
3.40473
1.44845
4.20565
1.57503
4.29014
3.39364
3.07361
4.05289
2.05862
4.24889
2.6203
2.04517
2.3992
2.31147
0.455913
3.44735
4.2592
1.80024
1.30262
0.929947
1.55575
0.265641
1.83269
4.85129
0.409163
4.08708
3.00175
2.45198
1.32562
1.50461
2.05203
1.51154
3.32442
0.567794
3.15507
1.56908
1.07957
4.7714
0.587188
0.189622
3.18295
0.642548
1.15705
4.20399
3.46099
2.63312
0.863444
0.154637
1.9543
3.37029
0.954405
3.91287
0.718048
4.1954
1.79076
1.20991
1.02599
2.45575
1.88763
0.024542
4.54578
4.17222
3.84338
3.04031
3.42021
3.12207
0.256084
2.46349
4.41017
1.60471
2.14998
3.92885
4.14499
0.70174
3.32595
0.132543
4.14419
2.25736
3.10644
4.48217
4.96737
0.273921
4.18424
4.75409
0.214144
0.764288
3.00775
3.76803
0.738996
0.511528
1.42676
1.34979
2.9445
2.132
4.69721
3.89204
2.55879
0.954989
1.0363
1.02018
3.92517
1.01203
2.14734
2.20663
1.44872
2.33985
3.77574
4.36284
3.60194
3.18726
4.96141
1.72228
0.0890935
4.41399
0.164307
1.70511
0.701558
0.17831
0.499019
1.21553
1.58181
3.04636
0.423132
2.62807
0.861195
1.70507
4.75332
1.86395
4.30902
3.78843
1.54103
2.44426
4.7632
0.416975
4.49021
1.26664
3.51532
4.43335
3.12456
0.351992
4.07615
3.98571
4.20742
3.80146
1.2996
0.354606
1.72683
3.1794
4.36188
0.661523
4.1233
2.59521
2.91904
2.32391
3.33975
3.57355
4.90128
2.12005
1.7007
4.20579
0.662613
4.07093
2.54344
2.70043
1.24128
1.49438
3.22322
1.32404
3.11619
0.422059
0.127055
3.36752
4.90325
1.55001
2.98983
2.83932
0.627971
1.42597
1.57246
0.385483
3.60581
2.66713
0.151832
3.93892
0.926916
2.54996
3.43754
0.244526
4.79069
3.43506
0.639884
4.50886
4.10214
0.33293
3.19264
4.81664
0.218661
4.04316
1.62534
4.27418
4.86777
1.33147
3.2566
3.02027
3.37194
4.98065
2.7761
4.18746
1.63565
0.783967
3.29738
0.073729
0.727149
3.26896
0.932187
1.99432
1.68702
2.01978
3.39821
1.92908
2.59524
4.59089
0.54101
1.45788
4.29098
4.01221
2.27007
3.60223
4.49198
0.422505
4.01709
2.75607
3.45047
4.42815
4.89143
1.41496
4.18834
4.23378
2.77937
0.76082
0.87163
0.245589
3.47414
4.17174
4.13857
1.33959
0.651544
3.48772
0.808695
0.0490862
2.14853
3.51676
4.86166
0.812841
4.07163
1.46538
0.704593
1.30891
4.1932
3.58492
1.42937
1.22795
0.666101
4.4986
3.91763
3.16238
4.92898
3.19914
4.68967
4.44594
0.616089
0.479651
1.73615
0.952349
0.651712
3.3474
3.05651
3.51479
3.48946
0.601216
2.52284
1.57948
4.61876
4.16779
2.76619
4.95789
1.83013
4.94135
3.7807
2.88
2.75136
1.80044
3.84642
4.86028
1.51015
0.466484
2.60252
3.62835
1.82195
2.78278
4.57671
3.95199
1.70277
1.08179
3.46205
1.16322
1.94623
1.41206
1.00578
0.238994
0.0885771
1.17574
0.175708
0.226768
2.37197
0.452076
0.052456
2.258
1.61475
0.950437
3.02175
2.47304
1.23409
3.25782
2.97607
3.9114
3.90956
4.07222
1.52566
0.0785182
1.56801
2.10483
2.60226
3.54222
2.00624
0.659304
4.08571
3.66437
4.81671
1.64316
4.87698
1.12094
0.658656
1.31908
1.56819
4.93977
2.71889
2.47382
4.22647
1.07288
3.27393
4.84507
4.31109
4.83758
2.52411
2.3194
1.72086
1.59567
1.14837
2.57346
4.21749
1.40644
0.68187
4.09495
3.83004
1.08351
3.39567
1.18377
3.22308
2.50156
4.99538
4.23638
3.66497
1.02288
1.94826
0.808038
1.60815
1.25053
2.32363
3.43315
4.41011
3.52827
2.98544
0.0493664
0.12139
1.65495
1.23116
1.39697
2.75598
3.59546
4.28042
0.619099
3.42619
1.31871
1.28109
2.20087
1.85998
1.60923
0.543171
4.87084
2.98067
0.933905
0.35536
4.54086
1.58485
0.668721
1.37088
3.3894
0.640713
2.22998
4.0834
3.54321
1.62873
3.34444
2.42007
2.62722
4.93566
4.63764
1.20129
1.63627
0.15802
3.43482
3.83062
3.17618
0.234813
0.48036
3.37333
2.40906
3.92892
2.24617
0.942004
2.73996
4.33846
2.32778
1.94948
3.3208
4.74812
0.378523
4.4531
3.98442
4.47604
3.6353
3.23269
2.14249
3.70049
1.04814
4.12924
1.72526
1.16054
2.12821
2.46509
2.83423
1.197
3.52536
3.02871
1.35715
1.15484
4.01789
3.55107
2.20763
0.763424
3.0015
3.48356
4.65109
3.19259
0.953678
1.25179
0.50686
1.32258
4.67085
1.01548
4.79741
2.75579
3.8366
4.86202
0.676945
2.10469
3.2207
0.842514
2.25247
4.05837
4.05135
3.80575
1.05913
0.149637
1.74844
2.45502
0.778032
4.91845
4.99209
2.13977
4.94237
0.58043
3.70901
3.87209
2.05268
4.25026
0.874376
4.20741
1.45139
4.1234
2.19313
3.55648
2.96775
2.92312
3.82094
1.70135
1.51919
0.413017
3.8235
0.253129
4.01491
0.797498
1.10185
2.16494
4.26438
3.25479
0.625175
3.66586
0.743059
3.94674
2.23862
3.82153
1.19833
1.37628
1.21714
4.50218
4.6875
0.359087
1.38138
3.79695
2.26238
1.76693
3.65815
1.08572
4.78753
4.50767
0.436048
0.710278
1.98708
3.38736
3.97409
0.225412
2.02067
2.04519
4.03846
1.23601
3.14473
3.92879
1.30789
1.03119
2.02182
4.78784
3.42607
1.27772
1.78842
2.00241
3.21024
4.78576
2.28363
0.425924
0.144375
4.07374
3.973
4.01176
2.48218
4.88728
1.3504
3.79823
3.82058
0.602639
1.65715
3.83464
2.29836
1.7289
2.64217
4.43298
0.639171
2.21372
3.03999
2.30089
1.25198
4.17931
3.73415
4.56575
2.48033
0.654571
2.21195
0.56327
1.82021
2.69821
1.78897
1.17587
3.95474
3.83562
1.31727
2.62529
4.54769
2.98504
4.3076
3.74566
2.959
3.40267
2.6002
2.60849
3.92652
4.36459
0.3493
1.41207
3.63363
3.54158
1.27535
2.15015
3.77438
3.89079
0.113396
3.33075
2.37743
2.70681
1.90457
1.67106
1.66682
1.27454
2.37005
2.20365
3.0893
2.59733
4.07432
2.60178
0.144117
1.92797
1.20292
2.27823
0.399934
4.71913
2.08567
4.52662
1.9873
2.50385
4.77131
1.25376
0.518395
2.04332
3.57701
2.7801
0.0332277
3.5067
0.32626
3.70992
0.297256
3.89131
0.32347
4.43624
4.1009
3.14088
1.14259
2.64738
2.61283
1.68906
2.63916
1.91019
4.45401
0.904645
2.70767
1.63309
2.87172
3.64635
2.61932
2.8103
1.44223
0.621658
4.36059
0.0859042
1.64384
2.56476
1.26707
2.21121
0.143781
3.38225
4.79158
4.39767
2.29059
1.39077
3.83065
3.46834
4.56273
0.173826
3.78422
0.572111
1.69271
1.34351
4.38388
0.592882
1.17701
2.61508
1.99203
1.71871
1.52134
0.62014
1.20796
0.237941
0.756805
1.66699
2.4414
0.755911
1.41447
1.7837
3.2362
